900 10
0.000 0.830
0.545 -0.103
1.161 -1.158
1.311 -1.414
1.690 -2.063
1.993 -2.582
2.528 -3.498
2.781 -3.931
3.241 -4.719
4.234 -6.419
4.850 -7.473
5.741 -8.999
6.417 -10.156
7.220 -11.531
8.211 -13.227
8.971 -14.528
9.664 -15.715
10.161 -16.566
10.452 -17.064
11.317 -18.545
11.792 -19.358
12.284 -20.200
12.687 -20.890
13.658 -22.552
14.507 -24.006
15.187 -25.170
15.908 -26.404
15.942 -26.463
16.093 -26.721
16.209 -26.920
16.983 -28.245
17.870 -29.763
18.671 -31.135
19.164 -31.979
20.123 -33.621
20.419 -34.127
21.237 -35.528
21.596 -36.142
21.951 -36.750
21.991 -36.819
22.933 -38.431
23.127 -38.763
23.863 -40.023
23.927 -40.133
24.504 -41.121
24.915 -41.824
25.770 -43.288
26.512 -44.559
27.080 -45.531
27.268 -45.853
27.906 -46.945
28.290 -47.602
28.307 -47.632
28.325 -47.662
28.955 -47.799
29.575 -47.934
30.074 -48.042
30.323 -48.096
30.887 -48.218
31.298 -48.308
31.552 -48.363
32.404 -48.548
32.510 -48.571
32.834 -48.641
33.124 -48.704
33.937 -48.880
34.385 -48.977
34.572 -49.018
35.556 -49.232
35.830 -49.291
36.174 -49.366
36.908 -49.525
37.554 -49.665
38.426 -49.854
39.152 -50.012
39.479 -50.083
40.322 -50.266
40.384 -50.279
40.388 -50.280
41.117 -50.438
41.259 -50.469
41.437 -50.508
41.602 -50.544
41.981 -50.626
42.500 -50.738
43.328 -50.918
44.320 -51.133
44.824 -51.117
45.458 -51.097
46.288 -51.070
46.617 -51.060
47.307 -51.038
47.460 -51.033
47.721 -51.024
47.799 -51.022
48.066 -51.013
49.021 -50.983
49.613 -50.964
49.742 -50.960
50.268 -50.943
50.525 -50.935
50.594 -50.933
51.185 -50.914
51.427 -50.906
51.573 -50.901
51.623 -50.900
52.050 -50.886
52.644 -50.867
53.259 -50.847
54.111 -50.820
54.619 -50.804
54.651 -50.803
54.861 -50.796
54.896 -50.795
55.736 -50.768
56.033 -50.758
56.313 -50.750
57.148 -50.723
57.516 -50.711
57.969 -50.697
58.186 -50.690
59.009 -50.663
59.127 -50.659
59.858 -50.636
60.773 -50.607
60.844 -50.605
60.978 -50.600
61.085 -50.597
61.341 -50.589
61.823 -50.573
62.689 -50.546
63.582 -50.517
64.568 -50.485
64.856 -50.476
65.064 -50.470
65.160 -50.466
65.222 -50.464
65.600 -50.452
65.772 -50.447
66.164 -50.434
66.785 -50.414
67.359 -50.396
67.963 -50.377
68.832 -50.349
69.185 -50.338
69.797 -50.318
70.068 -50.309
70.844 -50.285
71.207 -50.273
71.868 -50.252
72.477 -50.232
72.565 -50.229
72.891 -50.219
72.925 -50.218
72.972 -50.216
73.219 -49.923
74.108 -48.868
74.913 -47.912
75.115 -47.673
75.297 -47.457
75.399 -47.336
75.749 -46.920
76.317 -46.246
76.461 -46.075
76.979 -45.460
77.550 -44.782
77.767 -44.525
78.295 -43.898
78.741 -43.369
79.416 -42.567
80.142 -41.706
80.382 -41.421
80.760 -40.972
80.989 -40.700
81.722 -39.830
81.867 -39.658
82.323 -39.117
82.681 -38.692
83.565 -37.643
84.452 -36.590
84.987 -35.955
85.680 -35.132
86.627 -34.008
87.282 -33.230
88.245 -32.087
88.280 -32.046
89.026 -31.160
89.192 -30.963
89.590 -30.491
90.474 -29.442
90.870 -28.972
91.136 -28.656
92.126 -27.481
92.792 -26.690
93.334 -26.047
94.206 -25.012
94.829 -24.272
94.939 -24.142
94.989 -24.082
95.964 -22.925
96.186 -22.661
96.304 -22.521
96.813 -21.917
96.928 -21.781
97.622 -20.957
97.943 -20.576
98.428 -20.000
99.336 -18.922
99.926 -18.222
100.455 -17.594
101.300 -16.591
101.548 -16.297
101.801 -15.996
102.116 -15.623
102.249 -15.465
102.744 -14.877
103.401 -14.097
103.441 -14.050
104.245 -13.095
104.511 -12.780
105.075 -12.110
105.711 -11.355
106.457 -10.470
107.061 -9.753
107.221 -9.563
107.586 -9.130
108.476 -8.073
108.948 -7.513
109.314 -7.078
110.005 -6.258
110.189 -6.040
110.498 -5.673
111.104 -4.954
111.900 -4.009
112.098 -3.774
112.536 -3.254
112.855 -2.875
113.044 -2.651
113.527 -2.078
113.886 -1.652
113.990 -1.528
114.973 -0.361
115.907 0.747
116.117 0.997
117.042 2.095
117.106 2.171
117.335 2.442
117.618 2.778
118.290 3.576
118.888 4.286
119.119 4.560
119.333 4.814
119.494 5.005
119.810 5.380
120.428 6.114
120.787 6.540
121.280 7.125
122.232 8.255
123.221 9.429
124.150 10.532
124.469 10.910
125.127 11.692
125.957 12.677
126.154 12.911
126.989 13.902
127.073 14.001
127.622 14.653
127.946 15.038
128.420 15.600
128.846 16.106
128.899 16.169
129.739 17.166
129.997 17.472
130.563 18.144
130.622 18.214
130.989 18.650
131.961 19.803
132.255 20.152
132.983 21.017
133.043 21.088
133.177 21.247
133.177 21.247
134.006 22.231
134.500 22.817
135.418 23.907
135.939 24.525
136.398 25.070
137.208 26.032
137.672 26.582
138.336 27.371
138.853 27.984
139.529 28.787
139.776 29.080
140.146 29.519
140.864 30.371
141.262 30.844
141.883 31.581
142.293 32.068
142.647 32.488
143.613 33.634
143.752 33.799
143.869 33.938
144.029 34.128
144.374 34.538
145.359 35.707
145.683 36.092
146.247 36.761
146.725 37.328
147.673 38.454
148.302 39.200
148.345 39.251
149.244 40.318
149.614 40.758
150.366 41.650
150.663 42.003
150.768 42.127
151.250 42.700
151.400 42.878
151.617 43.135
151.814 43.369
152.113 43.724
152.157 43.776
152.906 44.665
153.838 45.771
154.440 46.486
155.109 47.280
155.480 47.721
156.094 48.449
156.720 49.192
157.203 49.766
158.025 50.741
158.149 50.889
158.518 51.327
158.888 51.766
159.506 52.499
160.268 53.404
160.564 53.755
160.614 53.815
161.515 54.884
162.496 56.049
162.981 56.624
163.202 56.887
164.138 57.998
164.730 58.700
165.495 59.608
165.521 59.639
166.249 60.503
166.831 61.194
167.296 61.746
167.788 62.330
167.795 62.338
168.604 63.299
168.713 63.428
169.641 64.530
169.921 64.862
170.831 65.942
171.390 66.606
171.652 66.917
172.023 67.357
172.655 68.107
173.116 68.654
173.695 69.342
174.575 70.386
175.465 71.443
176.279 72.409
177.009 73.275
177.570 73.941
178.340 74.855
178.975 75.609
179.522 76.258
179.646 76.406
179.813 76.604
180.357 77.250
181.249 78.308
181.308 78.378
181.806 78.970
182.719 80.053
183.658 81.168
183.833 81.376
184.798 82.521
185.016 82.780
185.934 83.869
186.405 84.429
186.807 84.906
186.921 85.041
187.711 85.979
187.967 86.283
188.352 86.740
188.828 87.305
189.212 87.760
189.719 88.362
190.110 88.826
191.024 89.911
191.686 90.697
192.178 91.281
192.975 92.227
193.961 93.397
194.045 93.497
194.714 94.291
194.894 94.505
195.570 95.307
195.647 95.399
196.077 95.909
196.349 96.232
197.217 97.262
198.045 98.245
198.608 98.913
199.388 99.839
199.419 99.876
200.161 100.757
201.141 101.920
201.821 102.727
202.313 103.311
203.057 104.194
203.552 104.782
204.059 105.384
204.392 105.779
204.666 106.104
205.113 106.635
205.913 107.585
206.143 107.858
206.655 108.465
207.358 109.300
208.239 110.345
208.648 110.831
209.148 111.424
209.356 111.005
209.526 110.663
210.285 109.133
211.233 107.223
211.587 106.510
212.331 105.011
213.237 103.185
213.326 103.006
213.900 101.849
214.772 100.092
215.357 98.913
215.689 98.244
216.449 96.713
216.525 96.560
216.527 96.556
217.462 94.672
218.271 93.042
218.666 92.246
219.463 90.640
219.732 90.098
220.616 88.316
220.836 87.873
221.509 86.517
221.931 85.667
222.739 84.039
223.233 83.043
223.490 82.525
224.049 81.399
224.840 79.805
225.269 78.941
225.291 78.896
225.895 77.679
225.943 77.583
226.835 75.785
227.615 74.213
228.006 73.426
228.995 71.433
229.441 70.534
229.894 69.621
230.277 68.850
231.058 67.276
231.757 65.867
232.683 64.001
233.620 62.113
234.583 60.173
234.732 59.873
234.868 59.599
234.875 59.585
235.173 58.984
235.780 57.761
235.991 57.845
236.783 58.159
237.115 58.291
237.512 58.449
238.137 58.697
238.665 58.906
239.251 59.139
240.202 59.517
240.868 59.781
241.346 59.971
241.851 60.171
242.758 60.531
243.538 60.841
244.256 61.126
245.069 61.449
245.361 61.565
246.026 61.829
246.311 61.942
246.557 62.039
247.244 62.312
247.964 62.598
248.045 62.630
248.485 62.805
249.018 63.016
249.442 63.185
249.837 63.342
249.986 63.401
250.882 63.756
251.091 63.839
251.829 64.132
252.583 64.432
252.736 64.493
253.599 64.835
254.036 65.009
254.120 65.042
254.942 65.368
255.859 65.732
256.248 65.887
256.543 66.004
256.945 66.163
257.794 66.501
258.625 66.830
259.226 67.069
259.988 67.372
260.779 67.686
261.219 67.860
261.437 67.947
262.097 68.209
262.540 68.385
263.045 68.585
263.812 68.890
264.377 69.114
264.532 69.176
264.969 69.349
265.210 69.445
265.896 69.717
266.049 69.778
266.719 70.044
267.158 70.218
267.869 70.500
268.076 70.582
268.232 70.644
268.860 70.894
269.310 71.072
269.789 71.263
270.761 71.648
271.649 72.001
272.189 72.215
272.277 72.250
272.669 72.406
272.942 72.514
273.351 72.677
273.711 72.820
274.524 73.142
274.592 73.169
275.388 73.485
275.809 73.652
276.171 73.796
276.790 74.042
277.674 74.393
278.649 74.780
279.441 75.094
279.916 75.283
280.685 75.588
281.034 75.727
281.309 75.836
282.092 76.147
282.521 76.317
282.942 76.484
283.363 76.651
283.748 76.804
283.846 76.843
284.451 77.083
284.507 77.106
285.185 76.739
285.338 76.656
285.693 76.464
285.817 76.397
286.776 75.878
286.923 75.799
287.882 75.280
287.933 75.252
288.536 74.926
289.474 74.418
289.742 74.273
290.471 73.879
290.601 73.809
291.075 73.552
291.725 73.201
292.224 72.931
292.493 72.785
292.676 72.686
293.526 72.226
294.265 71.827
295.001 71.428
295.018 71.419
295.760 71.018
296.097 70.835
296.864 70.420
297.848 69.888
298.336 69.624
299.079 69.222
300.003 68.722
300.717 68.336
301.137 68.109
301.543 67.889
301.752 67.776
302.683 67.272
303.037 67.081
303.607 66.772
304.256 66.421
304.336 66.378
304.945 66.049
305.045 65.995
305.625 65.681
306.378 65.273
307.235 64.810
308.158 64.310
309.001 63.854
309.330 63.676
309.799 63.423
310.645 62.965
311.588 62.455
312.196 62.126
313.082 61.647
313.485 61.429
314.355 60.958
314.898 60.664
315.613 60.277
316.316 59.897
317.117 59.464
318.032 58.969
318.914 58.491
319.634 58.102
320.463 57.653
320.551 57.606
321.075 57.322
321.155 57.279
321.731 56.967
321.754 56.955
322.570 56.514
323.278 56.130
324.085 55.694
324.520 55.459
325.058 55.168
325.554 54.899
325.842 54.743
326.615 54.325
327.249 53.982
327.744 53.714
328.586 53.259
328.652 53.223
328.878 53.101
328.910 53.084
328.962 53.055
329.912 52.541
330.886 52.015
330.925 51.993
331.008 51.949
331.133 51.881
331.902 51.465
332.624 51.074
333.185 50.771
333.976 50.343
334.158 50.244
335.019 49.779
335.679 49.422
335.862 49.765
336.773 51.476
337.769 53.347
337.796 53.397
338.723 55.138
338.845 55.367
338.936 55.538
339.576 56.740
339.803 57.166
339.958 57.458
340.950 59.320
341.144 59.685
341.149 59.694
341.508 60.368
341.665 60.663
342.659 62.530
342.743 62.688
342.934 63.046
343.528 64.162
343.714 64.511
343.740 64.560
344.239 65.497
345.006 66.938
345.612 68.076
346.552 69.841
346.841 70.384
347.837 72.254
348.561 73.614
349.090 74.607
349.430 75.246
350.184 76.662
350.783 77.787
351.710 79.528
351.838 79.768
352.738 81.458
353.427 82.752
354.033 83.890
354.924 85.564
355.788 87.186
356.276 88.103
356.279 88.108
357.192 89.823
357.196 89.830
358.087 91.504
358.168 91.656
358.609 92.484
359.204 93.601
359.441 94.047
360.161 95.399
360.951 96.882
361.433 97.788
361.976 98.807
362.691 100.150
363.228 101.159
364.097 102.791
364.388 103.337
365.378 105.196
365.952 106.274
366.681 107.643
366.855 107.970
367.042 108.321
367.225 108.665
367.987 110.096
368.761 111.550
369.199 112.372
369.386 112.723
369.533 112.999
370.447 114.716
370.827 115.429
371.541 116.770
372.299 118.194
372.552 118.669
372.611 118.677
372.873 118.710
373.337 118.770
373.593 118.802
374.591 118.930
375.517 119.049
376.498 119.174
376.977 119.235
377.065 119.247
377.257 119.271
377.878 119.351
378.613 119.445
378.786 119.467
378.895 119.481
379.623 119.574
380.367 119.669
380.844 119.730
381.484 119.812
381.631 119.831
382.170 119.900
382.932 119.998
383.724 120.099
383.981 120.132
384.955 120.257
384.988 120.261
385.221 120.291
385.639 120.344
385.807 120.366
386.440 120.447
386.894 120.505
387.578 120.592
387.907 120.634
388.251 120.679
388.315 120.687
388.988 120.773
389.657 120.858
390.207 120.929
390.549 120.973
390.789 121.003
391.090 121.042
391.993 121.157
392.021 121.161
392.353 121.204
393.068 121.295
393.879 121.399
394.317 121.455
395.168 121.564
395.311 121.582
396.025 121.674
396.972 121.795
397.466 121.858
397.774 121.897
397.955 121.921
398.503 121.991
398.761 122.024
398.967 122.050
399.768 122.153
400.262 122.216
400.666 122.268
401.546 122.380
401.691 122.399
402.454 122.496
403.217 122.594
403.691 122.655
404.139 122.712
404.970 122.819
405.947 122.944
406.368 122.997
406.942 123.071
407.279 123.114
407.639 123.160
408.314 123.247
409.100 123.347
409.670 123.420
410.219 123.490
410.383 123.511
411.331 123.633
411.934 123.710
412.840 123.826
413.030 123.400
413.233 122.946
414.044 121.130
414.922 119.164
415.885 120.537
416.137 120.896
416.499 121.412
417.127 122.306
417.624 123.015
417.979 123.521
418.763 124.638
419.318 125.429
419.915 126.279
420.747 127.465
420.866 127.635
421.158 128.051
421.585 128.659
422.079 129.363
423.012 130.693
423.312 131.120
423.560 131.473
424.256 132.465
424.496 132.807
424.944 133.446
425.403 134.100
425.454 134.172
426.035 135.000
426.728 135.988
426.810 136.105
427.586 137.211
428.094 136.869
428.108 136.860
428.848 136.362
429.770 135.743
430.065 135.545
431.003 134.914
431.474 134.598
431.894 134.316
431.993 134.249
432.072 134.196
433.022 133.558
433.511 133.229
433.937 132.943
434.119 132.820
434.362 132.657
434.892 132.301
435.471 131.912
435.480 131.906
436.428 131.269
437.204 130.747
437.426 130.598
438.218 130.066
438.293 130.015
439.061 129.499
439.720 129.056
440.286 128.676
441.269 128.016
441.331 127.974
441.507 127.856
441.891 127.598
442.244 127.360
443.085 126.795
443.222 126.703
443.984 126.191
444.333 125.957
444.872 126.220
444.888 126.227
445.354 126.455
446.288 126.911
446.487 127.008
447.036 127.276
447.885 127.690
448.809 128.141
449.716 128.583
450.625 129.027
451.609 129.507
451.791 129.596
452.118 129.756
452.166 129.779
453.023 130.197
453.396 130.379
453.664 130.510
454.313 130.827
455.203 131.261
455.851 131.577
456.557 131.922